Component	CentroidX	CentroidY	Mass	PaddingMean		PaddingMedian	RadiusMean	RadiusMedian
Milepost	42.078		40.004		244		32.75			33.0			5.875		6.252
Mountain	41.734		44.058		711		28.38			28.0			10.727		10.629
Alpine		41.722		47.121		1145	22.239			22				17.945		16.993
Small City	38.912		39.926		3676	18.192			17				22.809		24.165
Medium City	37.704		38.112		4654	15.983			15				26.03		27.204
Major City	131.079 	126.506 	39837	61.475  		59      		75.366  	79.581


Milepost with River Blob Analysis
Blob 1		40.286		14.32		206		10				11				20.462		20.741
Blob 2		41.429		24.77		226		14.827			18				21.041		20.774
Blob 3		40.191		44.515		262		32.179			32				6.092		6.518

Three Alpines Analysis
Alpine 1	51.285  	54.723  	981     28.601  		28      		17.447  	16.587
Alpine 2	162.946 	51.696  	998     30.017  		29      		17.471  	16.635
Alpine 3	262.05  	54.382  	1037    28.678  		27      		17.579  	16.713


Buncha mileposts
			79.936  	15.05   	220     15.05   		15      		5.587   	5.95
			86.763  	222.637 	215     25.363  		25      		5.536   	5.83
			424.585 	11.299  	224     11.299  		11      		5.639   	5.896
half		484.683 	111.571 	63      33.317  		34      		3.612   	3.619
other half	490.922 	118.24  	129     27.078  		27      		4.668   	4.722